BUGS : 26
TESTCASES : 654
MATCHED : 78
ERROR : 14
APFD_C : 0.9637929446
APFD : 0.9867090096
