RESULT FOR N = 317 and M = 276
APFD_C : 0.9963515343
APFD : 0.9958510492

