BUGS : 64
TESTCASES : 236
MATCHED : 143
ERROR : 2
0.6056011653
0.6096398305
